# Random integers for parallel sorting benchmark
# Format: one integer per line
# Total: 1000 numbers
847293
156284
739482
284719
958372
193847
628491
472839
815926
364728
927384
583719
149283
738294
294857
849172
573928
182947
639284
428173
917384
285937
649182
374829
819374
293847
748291
528374
183729
649281
374829
918273
284719
638472
193847
829374
473829
182937
649283
384729
917382
293847
628491
374829
819273
482937
173829
639284
384729
918273
294857
649182
374829
819374
293847
748291
528374
183729
847293
156284
739482
284719
958372
193847
628491
472839
815926
364728
927384
583719
149283
738294
294857
849172
573928
182947
639284
428173
917384
285937
649182
374829
819374
293847
748291
528374
183729
649281
374829
918273
284719
638472
193847
829374
473829
182937
649283
